$chain1
                Mean     Median    St.Dev.   95%CI_low  95%CI_upp
beta1time 149.108344 148.794429 42.2426034  66.8273710 232.111084
beta2time 656.545097 655.537656 40.0624027 580.7223033 738.882010
betadeath  12.077713  12.057641  4.0143755   4.2563322  19.933754
betavac    -6.994095  -6.984014  0.5635095  -8.1466033  -5.926702
phiU        1.546301   1.404035  0.9644567   0.1805379   3.766351
phiV        1.407906   1.159826  0.9977723   0.1546894   3.891376
phiW        1.248868   1.054562  0.8733244   0.1438490   3.528019
tau        43.466360  43.086127  1.1959378  42.0336269  45.878347

$chain2
                Mean      Median    St.Dev.   95%CI_low  95%CI_upp
beta1time 148.665478 148.3444154 41.9963740  66.1317301 231.257273
beta2time 657.088260 655.6754045 39.8355822 581.8659620 737.601645
betadeath  12.097956  12.0870073  3.9793582   4.1405258  19.714959
betavac    -6.997022  -6.9789626  0.5605028  -8.1333120  -5.935097
phiU        1.324724   1.1135114  0.9173445   0.1488259   3.652051
phiV        1.268228   1.0726386  0.8796485   0.1686149   3.540377
phiW        1.092898   0.8639614  0.8168217   0.1286485   3.115241
tau        43.488139  43.0738265  1.2099495  42.0417256  45.883278

$chain3
                Mean      Median    St.Dev.   95%CI_low  95%CI_upp
beta1time 149.187006 148.8216759 41.7707106  68.5473381 231.475572
beta2time 656.366972 654.9060126 40.7324037 578.0942287 739.394464
betadeath  12.135245  12.1967546  4.0586056   4.1010242  20.091810
betavac    -6.985646  -6.9664381  0.5722853  -8.1405841  -5.889405
phiU        1.308717   1.1183901  0.9465954   0.1521770   3.543078
phiV        1.410228   1.2493689  0.8699721   0.1913465   3.440695
phiW        1.043846   0.8699612  0.7595331   0.1225574   2.988231
tau        43.487610  43.1270314  1.2018969  42.0379539  45.892155

$chain4
                Mean     Median    St.Dev.   95%CI_low  95%CI_upp
beta1time 147.895667 147.812091 42.3398701  63.8692004 229.687928
beta2time 656.716133 655.322885 39.9985302 581.7649434 739.237930
betadeath  12.129337  12.169804  3.9653840   4.3202970  19.904217
betavac    -6.992405  -6.978673  0.5672661  -8.1444655  -5.927847
phiU        1.339399   1.098682  0.9644968   0.1528090   3.777151
phiV        1.618271   1.385454  1.0733838   0.1901971   4.242611
phiW        1.820750   1.575974  1.2105527   0.2168523   4.756243
tau        43.478452  43.084756  1.2017299  42.0427055  45.873254

$chain5
                Mean      Median    St.Dev.   95%CI_low  95%CI_upp
beta1time 149.152777 149.7411313 41.7972274  67.3030305 229.933357
beta2time 657.832310 656.7638452 40.1792123 581.4616361 740.045018
betadeath  11.991999  11.9821362  4.0022696   4.0728337  19.702798
betavac    -7.006898  -6.9894773  0.5651345  -8.1487479  -5.926047
phiU        1.060488   0.9174726  0.7167476   0.1145884   2.788309
phiV        1.354523   1.1825081  0.8612716   0.1754280   3.444064
phiW        1.328739   1.1746898  0.8477302   0.1636054   3.382852
tau        43.531136  43.1460958  1.2178608  42.0438384  45.884662

$all.chains
                Mean     Median    St.Dev.   95%CI_low  95%CI_upp
beta1time 148.801854 148.701106 42.0311540  66.4939534 231.039438
beta2time 656.909754 655.642555 40.1645273 580.5116301 739.186343
betadeath  12.086450  12.092202  4.0042999   4.1725232  19.873514
betavac    -6.995213  -6.979496  0.5657730  -8.1422438  -5.922159
phiU        1.315926   1.116176  0.9198253   0.1459447   3.580512
phiV        1.411831   1.207107  0.9472391   0.1747091   3.775457
phiW        1.307020   1.079603  0.9563908   0.1451122   3.744735
tau        43.490339  43.102329  1.2056489  42.0401460  45.882348

