, , beta1death

        beta1death     beta1time     beta1vac   beta2death     beta2time
Lag 0  1.000000000  0.0959984059 -0.001353584  0.024238506 -0.0267199849
Lag 1  0.000729547 -0.0010793565  0.003497558  0.012824030 -0.0089946290
Lag 5  0.003241574 -0.0003917544  0.004815583  0.000423181 -0.0009108306
Lag 10 0.003089506  0.0034581391 -0.005616359  0.001830677 -0.0001885595
Lag 50 0.002837141  0.0061109897 -0.009978522 -0.006350924  0.0012266514
            beta2vac         phiU         phiV          phiW          tau
Lag 0   0.0228320579 -0.005791866 -0.004781027 -0.0014266977 -0.092894509
Lag 1   0.0060472647 -0.006811229 -0.006790978  0.0004777399 -0.005752208
Lag 5   0.0006879433 -0.003820014 -0.005093191 -0.0029254652  0.003538266
Lag 10 -0.0001751753 -0.008762031 -0.002156586 -0.0017290007 -0.004023877
Lag 50 -0.0021711907 -0.002244236 -0.009240188  0.0039102254  0.004576382

, , beta1time

         beta1death    beta1time     beta1vac    beta2death    beta2time
Lag 0   0.095998406 1.0000000000 -0.005735341 -0.0834073096  0.132854703
Lag 1  -0.002438896 0.0065433767  0.004460181 -0.0266752757  0.045133072
Lag 5   0.001481886 0.0008150785  0.003458282  0.0011199504 -0.002676481
Lag 10  0.001594838 0.0075339459 -0.006744864  0.0006324059  0.003924649
Lag 50  0.001920740 0.0044817135 -0.011066345  0.0102400136 -0.004192760
           beta2vac        phiU          phiV         phiW          tau
Lag 0  -0.126675450 0.005198269 -0.0079318335  0.002486726  0.362515199
Lag 1  -0.043680053 0.003579321 -0.0106439734 -0.003177757  0.031690500
Lag 5   0.002974256 0.002947178 -0.0053798165 -0.002824230  0.004730895
Lag 10 -0.003188655 0.005112791 -0.0029714103  0.001562334  0.009670276
Lag 50  0.001859274 0.010669825  0.0003669915  0.003740622 -0.001728454

, , beta1vac

         beta1death    beta1time     beta1vac    beta2death    beta2time
Lag 0  -0.001353584 -0.005735341  1.000000000  0.0050602391  0.005393477
Lag 1  -0.002555895  0.001603067  0.004354626  0.0012533603  0.002482890
Lag 5  -0.004684867  0.001582016  0.005876815 -0.0051982603 -0.001840186
Lag 10  0.003153599  0.001703827 -0.001393932  0.0003510954  0.001352513
Lag 50 -0.002665091 -0.001063722 -0.006819809  0.0115943748 -0.009475629
            beta2vac          phiU          phiV        phiW           tau
Lag 0  -0.0047068283  0.0024410393 -0.0006530167 0.006156942 -2.237629e-03
Lag 1   0.0005178676  0.0003288451 -0.0005922035 0.010110673  1.482276e-05
Lag 5   0.0029997414 -0.0017155834 -0.0021206689 0.002959566 -1.946810e-04
Lag 10 -0.0010503709  0.0007556794 -0.0019734125 0.003198407  6.582361e-04
Lag 50  0.0058190681 -0.0035658808 -0.0026948042 0.007427969 -7.610871e-04

, , beta2death

          beta1death     beta1time     beta1vac   beta2death    beta2time
Lag 0   0.0242385056 -0.0834073096  0.005060239  1.000000000 -0.582476643
Lag 1   0.0089902403 -0.0235830940 -0.009237057  0.063000409 -0.099803705
Lag 5   0.0037015922  0.0070489815 -0.006037116 -0.005046309  0.003865348
Lag 10  0.0007533989 -0.0040140661  0.002001301 -0.002207545 -0.002984321
Lag 50 -0.0045585016 -0.0008263216  0.002047377  0.001130351 -0.002713565
            beta2vac         phiU         phiV         phiW          tau
Lag 0   0.5375356031 -0.005806637 -0.003379881 -0.007269739 -0.210914293
Lag 1   0.0952123966 -0.006102235 -0.002347525 -0.006825098 -0.059755543
Lag 5  -0.0045462039 -0.004940285 -0.001079406 -0.007912428  0.002842063
Lag 10  0.0030644484 -0.006749082 -0.003550113 -0.009730150 -0.003787646
Lag 50  0.0004939227 -0.001346118 -0.003261718 -0.005831466  0.001768886

, , beta2time

         beta1death    beta1time     beta1vac    beta2death     beta2time
Lag 0  -0.026719985  0.132854703  0.005393477 -0.5824766433  1.0000000000
Lag 1  -0.007675040  0.038010382  0.004861398 -0.1188497750  0.1855432843
Lag 5  -0.002304816 -0.007284425  0.009810757 -0.0040681029 -0.0001436180
Lag 10 -0.000430951  0.007676854  0.002194181  0.0007330262  0.0045007398
Lag 50  0.009410275  0.007654776 -0.005955738 -0.0006320813 -0.0003744822
            beta2vac        phiU          phiV        phiW          tau
Lag 0  -0.9529220528 0.001617296 -0.0018815696 0.010669015  0.320953990
Lag 1  -0.1783369388 0.002543933 -0.0014041859 0.010145949  0.104880029
Lag 5  -0.0004233569 0.002297720 -0.0016254447 0.011893210 -0.002453914
Lag 10 -0.0053966370 0.004360996 -0.0009453036 0.012404299  0.001564851
Lag 50  0.0025969831 0.001538211 -0.0027603382 0.006718547 -0.002197573

, , beta2vac

         beta1death    beta1time     beta1vac    beta2death     beta2time
Lag 0   0.022832058 -0.126675450 -0.004706828  0.5375356031 -9.529221e-01
Lag 1   0.008326998 -0.041356779 -0.007328845  0.1206521240 -1.922892e-01
Lag 5   0.001425916  0.005825350 -0.011097328  0.0051768098  3.731805e-05
Lag 10  0.001506711 -0.006576684 -0.003442124 -0.0002643308 -4.808353e-03
Lag 50 -0.008802553 -0.007295961  0.007396368 -0.0027569871  1.619704e-03
           beta2vac          phiU          phiV         phiW           tau
Lag 0   1.000000000 -0.0018523738  0.0006720413 -0.008863369 -0.3046985509
Lag 1   0.184854926 -0.0025146656  0.0005714920 -0.010021684 -0.1086648989
Lag 5   0.000162434 -0.0031302653 -0.0002748318 -0.010787842 -0.0005373789
Lag 10  0.006000923 -0.0047573703 -0.0006783169 -0.010882767 -0.0006601914
Lag 50 -0.003609507 -0.0003256776  0.0019774477 -0.008943020  0.0029563830

, , phiU

         beta1death   beta1time      beta1vac    beta2death     beta2time
Lag 0  -0.005791866 0.005198269  0.0024410393 -0.0058066370  0.0016172956
Lag 1  -0.006077137 0.003644051  0.0005538332 -0.0046830391  0.0002084709
Lag 5  -0.006855382 0.005373843 -0.0010603632 -0.0037449206  0.0018503851
Lag 10 -0.007910585 0.006410916  0.0033799609 -0.0038162904  0.0008786042
Lag 50 -0.002216515 0.007438397  0.0016909969 -0.0002440151 -0.0043990868
            beta2vac      phiU      phiV       phiW          tau
Lag 0  -0.0018523738 1.0000000 0.1111699 0.09766556  0.012450290
Lag 1  -0.0008722703 0.8763321 0.1109399 0.09777945  0.012050968
Lag 5  -0.0022167192 0.8210031 0.1147688 0.09793765  0.011678111
Lag 10 -0.0009038313 0.7699245 0.1140814 0.09754307  0.007939037
Lag 50  0.0027803543 0.5286226 0.1179296 0.10027270 -0.001450874

, , phiV

         beta1death    beta1time      beta1vac    beta2death     beta2time
Lag 0  -0.004781027 -0.007931833 -0.0006530167 -0.0033798807 -0.0018815696
Lag 1  -0.002808174 -0.007620619 -0.0053053190 -0.0007448355 -0.0019029150
Lag 5  -0.004589830 -0.007940295  0.0020774874 -0.0049505009  0.0013804404
Lag 10 -0.003811195 -0.009504138 -0.0002968115 -0.0062182197 -0.0001319502
Lag 50 -0.004514267 -0.013408397 -0.0052972729 -0.0040865599  0.0021489674
            beta2vac      phiU      phiV      phiW           tau
Lag 0   0.0006720413 0.1111699 1.0000000 0.1332765  8.023042e-04
Lag 1   0.0013506177 0.1111079 0.8734042 0.1324648  3.737087e-04
Lag 5  -0.0023656957 0.1082564 0.8180115 0.1319577  4.256881e-03
Lag 10 -0.0007854299 0.1106403 0.7663472 0.1316035  2.248395e-05
Lag 50 -0.0023313155 0.1145463 0.5374467 0.1302232 -5.410302e-04

, , phiW

         beta1death     beta1time     beta1vac   beta2death  beta2time
Lag 0  -0.001426698  0.0024867257  0.006156942 -0.007269739 0.01066902
Lag 1  -0.000973175  0.0015630273  0.005033733 -0.006398286 0.01316807
Lag 5  -0.003685148  0.0001786278  0.004849566 -0.004843522 0.01050923
Lag 10 -0.003172336 -0.0039890910  0.011765112 -0.008466665 0.01268722
Lag 50 -0.001530526 -0.0027219377 -0.001573517 -0.004299457 0.01201916
           beta2vac       phiU      phiV      phiW           tau
Lag 0  -0.008863369 0.09766556 0.1332765 1.0000000  0.0005875084
Lag 1  -0.012242657 0.09824529 0.1308418 0.8774571  0.0017490944
Lag 5  -0.009604468 0.09565968 0.1299719 0.8222982  0.0070466189
Lag 10 -0.012467967 0.09137669 0.1288913 0.7722109  0.0025598214
Lag 50 -0.013116230 0.08756145 0.1046525 0.5267118 -0.0029861417

, , tau

          beta1death    beta1time     beta1vac   beta2death    beta2time
Lag 0  -0.0928945087 3.625152e-01 -0.002237629 -0.210914293  0.320953990
Lag 1  -0.0094016982 3.123862e-02 -0.001297387 -0.073184496  0.110852970
Lag 5  -0.0049420922 8.183719e-05  0.001525291 -0.002127234  0.002759887
Lag 10 -0.0061113596 3.546213e-04  0.004732985  0.005829428 -0.001296663
Lag 50  0.0002230508 2.723918e-03 -0.002236555  0.016114268 -0.007128031
           beta2vac        phiU         phiV          phiW          tau
Lag 0  -0.304698551 0.012450290 0.0008023042  0.0005875084  1.000000000
Lag 1  -0.107234099 0.009476986 0.0006168972 -0.0001333245  0.082669530
Lag 5  -0.002283307 0.013105109 0.0003934076  0.0041099281  0.007174736
Lag 10 -0.001190931 0.014604295 0.0011925939  0.0035166118 -0.000397070
Lag 50  0.005364212 0.011073664 0.0049401735  0.0042795498 -0.005020787

