$chain1
                 Mean      Median     St.Dev.    95%CI_low  95%CI_upp
beta1death   4.644219   4.6139153   5.0034952   -5.1514528  14.571255
beta1time  134.565794 133.7338739  40.7566025   55.0382939 215.002883
beta1vac    -2.082700  -0.5648861 199.0110591 -400.8511019 387.520225
beta2death  22.104883  22.2094110   5.6744128   10.6683059  33.007778
beta2time  615.392075 614.4764903  40.3862593  539.0503542 698.930188
beta2vac    -6.455793  -6.4407175   0.5636021   -7.6040397  -5.383979
phiU         1.307970   1.1731510   0.8391712    0.1492580   3.285319
phiV         1.169653   0.9899006   0.8135858    0.1466160   3.210830
phiW         1.430592   1.3000946   0.9048557    0.1745973   3.618012
tau         43.104087  42.8017529   1.0092924   42.0281665  45.754149

$chain2
                 Mean     Median     St.Dev.    95%CI_low  95%CI_upp
beta1death   4.545219   4.586652   4.9001417   -5.0920433  14.067273
beta1time  133.175297 132.847340  40.7196955   54.4401928 213.768047
beta1vac    -1.770970  -1.240314 201.0584289 -401.2793456 392.469621
beta2death  22.282217  22.311138   5.7361637   10.9520344  33.583825
beta2time  614.430045 613.168879  39.7412736  537.5972426 695.523912
beta2vac    -6.444205  -6.429224   0.5584913   -7.5797479  -5.387079
phiU         1.411771   1.256621   0.8698306    0.2093332   3.622728
phiV         1.522407   1.238542   1.0885627    0.1980008   4.328653
phiW         1.341139   1.125833   0.9305736    0.1632823   3.635669
tau         43.090523  42.794672   0.9946479   42.0264027  45.715255

$chain3
                  Mean     Median     St.Dev.    95%CI_low  95%CI_upp
beta1death   4.6060984   4.641473   4.9292050   -5.1304187  14.356130
beta1time  134.7516055 134.751093  40.4586365   54.9826445 212.570302
beta1vac    -0.8654088  -1.910560 199.4046637 -398.4727126 387.934707
beta2death  22.3101728  22.282770   5.6418235   11.1542114  33.212853
beta2time  614.2764570 613.478574  39.3515593  539.6982973 694.253326
beta2vac    -6.4412022  -6.435783   0.5505066   -7.5417497  -5.369533
phiU         1.3307278   1.218446   0.7886333    0.1785540   3.203433
phiV         1.4545505   1.281912   0.9572280    0.1660875   3.696712
phiW         1.4640929   1.254830   0.9879546    0.1807898   3.893163
tau         43.1094468  42.812405   1.0033459   42.0270912  45.740505

$chain4
                 Mean     Median     St.Dev.    95%CI_low  95%CI_upp
beta1death   4.643926   4.650152   4.9752481   -5.1540677  14.381626
beta1time  134.031734 134.214371  40.5456256   54.3124350 214.113125
beta1vac     3.364854   3.926951 201.9218943 -390.4732812 398.695165
beta2death  22.232176  22.280524   5.6551805   11.0731524  33.129785
beta2time  614.671778 614.241889  39.8774042  538.8382845 694.462057
beta2vac    -6.447648  -6.449240   0.5602090   -7.5739732  -5.369624
phiU         1.600524   1.325300   1.1331804    0.1868218   4.511146
phiV         1.284829   1.189575   0.7350479    0.1992686   2.986165
phiW         1.447587   1.244540   1.0036461    0.1739013   3.848961
tau         43.103902  42.797571   1.0019383   42.0262963  45.736277

$chain5
                   Mean      Median     St.Dev.    95%CI_low  95%CI_upp
beta1death   4.72395294   4.7047219   4.8960709   -4.9133485  14.360300
beta1time  134.11393403 133.0760934  40.6672355   55.9764120 216.149750
beta1vac    -0.09884158  -1.9946139 197.0499538 -384.7945270 384.411058
beta2death  22.36817836  22.3754748   5.5884250   11.1897890  33.122652
beta2time  613.56259529 612.9351859  39.3100475  538.7956949 693.469196
beta2vac    -6.43198336  -6.4259011   0.5542342   -7.5646032  -5.363500
phiU         1.34065129   1.1199080   0.9647604    0.1567317   3.839054
phiV         1.14073272   0.9575078   0.8323461    0.1329743   3.328005
phiW         1.08075524   0.9356117   0.7193402    0.1314533   2.852313
tau         43.08286986  42.7953082   0.9976365   42.0243401  45.719500

$all.chains
                  Mean      Median     St.Dev.    95%CI_low  95%CI_upp
beta1death   4.6326830   4.6420148   4.9411558   -5.0865619  14.347318
beta1time  134.1276729 133.7479694  40.6317560   54.9615217 214.350213
beta1vac    -0.2906132  -0.4140762 199.6979064 -396.1286816 390.518597
beta2death  22.2595255  22.2881952   5.6598741   11.0035445  33.188056
beta2time  614.4665900 613.6165064  39.7380588  538.8224633 695.491147
beta2vac    -6.4441663  -6.4361281   0.5574596   -7.5732372  -5.373864
phiU         1.3983286   1.2153813   0.9332090    0.1741730   3.744206
phiV         1.3144346   1.1248675   0.9067355    0.1616452   3.630270
phiW         1.3528333   1.1641078   0.9259343    0.1627995   3.620248
tau         43.0981657  42.7998310   1.0013930   42.0263662  45.734290

