, , beta1time

          beta1time    beta2time    betadeath      betavac          phiU
Lag 0   1.000000000  0.195251491 -0.070566171 -0.185080617  0.0026383101
Lag 1   0.024814075  0.067913581 -0.042210760 -0.065410393 -0.0003484540
Lag 5  -0.007356682  0.008667169 -0.003461348 -0.009858486  0.0018565803
Lag 10 -0.002685442 -0.007687424  0.003545880  0.006581635 -0.0003014484
Lag 50  0.004187999  0.001915177 -0.000511705 -0.000493182  0.0053744698
                phiV          phiW          tau
Lag 0   0.0004595051 -0.0008979515  0.443551401
Lag 1  -0.0001537124  0.0005384755  0.052210702
Lag 5   0.0009077339  0.0033392556 -0.003079370
Lag 10 -0.0008780586  0.0002928378 -0.002148771
Lag 50 -0.0086718302  0.0034681428  0.002599799

, , beta2time

           beta1time   beta2time     betadeath      betavac         phiU
Lag 0   0.1952514913 1.000000000 -5.037736e-01 -0.952909383 -0.009661152
Lag 1   0.0699005814 0.216937529 -1.230729e-01 -0.220537036 -0.007929405
Lag 5   0.0007806394 0.010063497  4.505094e-05 -0.008354773 -0.003321397
Lag 10  0.0034454355 0.004417950 -7.185861e-04 -0.004662904 -0.002211851
Lag 50 -0.0017949329 0.004214864 -1.815531e-03 -0.003865074  0.001112383
               phiV         phiW          tau
Lag 0  -0.007518878  0.007263557  0.477346023
Lag 1  -0.006430786  0.008439775  0.163445058
Lag 5  -0.007220171  0.010710227  0.005396230
Lag 10 -0.004647570  0.007059123 -0.002111057
Lag 50 -0.018592663 -0.001007102  0.004267759

, , betadeath

          beta1time    beta2time     betadeath     betavac         phiU
Lag 0  -0.070566171 -0.503773642  1.000000e+00 0.467576054 0.0026505205
Lag 1  -0.043136793 -0.117600877  6.764051e-02 0.120034209 0.0053396810
Lag 5  -0.007703800 -0.005568379 -1.441902e-03 0.005983912 0.0005073575
Lag 10 -0.005828135 -0.002640017 -4.519705e-05 0.003165343 0.0004723697
Lag 50 -0.002559701 -0.001216585 -4.403036e-03 0.001190522 0.0084133267
             phiV         phiW          tau
Lag 0  0.01267323 -0.001852492 -0.333278063
Lag 1  0.01152916 -0.002816019 -0.093859366
Lag 5  0.01205433  0.001805359 -0.006709957
Lag 10 0.01140912 -0.002296676 -0.004220805
Lag 50 0.01360695  0.003739792 -0.004610202

, , betavac

           beta1time    beta2time     betadeath     betavac         phiU
Lag 0  -0.1850806166 -0.952909383  0.4675760539 1.000000000  0.008321932
Lag 1  -0.0653611114 -0.204219560  0.1158235736 0.207420424  0.007194018
Lag 5  -0.0021396391 -0.009927643 -0.0006269020 0.008341836  0.002920140
Lag 10 -0.0052176255 -0.006186736  0.0027743255 0.006328388  0.002205391
Lag 50  0.0008584098 -0.002988609  0.0008009351 0.002832759 -0.002190311
              phiV         phiW           tau
Lag 0  0.005952852 -0.005275545 -0.4528118932
Lag 1  0.005038940 -0.005972843 -0.1539134750
Lag 5  0.003986111 -0.010186218 -0.0063245100
Lag 10 0.002924800 -0.005878743  0.0008608806
Lag 50 0.016236735 -0.000191079 -0.0038593867

, , phiU

         beta1time    beta2time   betadeath     betavac      phiU      phiV
Lag 0  0.002638310 -0.009661152 0.002650521 0.008321932 1.0000000 0.1499493
Lag 1  0.003307234 -0.010141429 0.004964195 0.009311838 0.8766747 0.1514413
Lag 5  0.002939398 -0.008542090 0.001733932 0.008982473 0.8246126 0.1504914
Lag 10 0.005629796 -0.005294798 0.004751582 0.005612803 0.7764109 0.1507102
Lag 50 0.002955553 -0.006082706 0.003585184 0.004717561 0.5399135 0.1416830
            phiW           tau
Lag 0  0.1318559  0.0042959081
Lag 1  0.1329851  0.0027578437
Lag 5  0.1333261  0.0025998220
Lag 10 0.1343522  0.0035884366
Lag 50 0.1328296 -0.0003441017

, , phiV

           beta1time    beta2time   betadeath     betavac      phiU      phiV
Lag 0   0.0004595051 -0.007518878 0.012673232 0.005952852 0.1499493 1.0000000
Lag 1  -0.0025395383 -0.008755344 0.013605091 0.006827962 0.1517587 0.8764998
Lag 5   0.0024223938 -0.006567769 0.014484000 0.003827660 0.1534676 0.8229039
Lag 10  0.0048925724 -0.005640370 0.012241493 0.002320093 0.1557902 0.7737720
Lag 50 -0.0015789686 -0.006432378 0.007636867 0.004504095 0.1618645 0.5401903
            phiW          tau
Lag 0  0.1808733 -0.006776456
Lag 1  0.1803084 -0.008833168
Lag 5  0.1795326 -0.007695033
Lag 10 0.1771342 -0.002924504
Lag 50 0.1671099 -0.004404802

, , phiW

           beta1time    beta2time     betadeath       betavac      phiU
Lag 0  -0.0008979515 0.0072635571 -0.0018524922 -0.0052755455 0.1318559
Lag 1   0.0004381198 0.0080499296 -0.0038864387 -0.0072628403 0.1326943
Lag 5  -0.0002147166 0.0061458994 -0.0005364747 -0.0041683316 0.1328012
Lag 10  0.0005475606 0.0012679014  0.0017859189 -0.0007681195 0.1328340
Lag 50  0.0003752245 0.0009424114  0.0012118517 -0.0004505451 0.1346744
            phiV      phiW         tau
Lag 0  0.1808733 1.0000000 0.005716454
Lag 1  0.1805620 0.8843769 0.004098245
Lag 5  0.1806922 0.8360787 0.003638901
Lag 10 0.1824125 0.7890916 0.004653990
Lag 50 0.1749426 0.5965345 0.000578945

, , tau

          beta1time     beta2time    betadeath       betavac          phiU
Lag 0   0.443551401  0.4773460226 -0.333278063 -0.4528118932  0.0042959081
Lag 1   0.063439882  0.1665559525 -0.089623109 -0.1670891463 -0.0004582857
Lag 5  -0.005104721  0.0005080993  0.003956133  0.0001453589  0.0048448366
Lag 10  0.001183795 -0.0046236478  0.001399280  0.0036993779  0.0008841209
Lag 50 -0.002479703  0.0068369313 -0.004255646 -0.0047862911  0.0005326000
               phiV        phiW           tau
Lag 0  -0.006776456 0.005716454  1.0000000000
Lag 1  -0.006981087 0.006223596  0.1350249829
Lag 5  -0.004608049 0.005825170 -0.0056374921
Lag 10 -0.005620835 0.005127095 -0.0007710589
Lag 50 -0.015235468 0.003130733  0.0049291511

